# of links : 8636

0.137806177139
0.103546142578
0.11022901535
0.120599031448
0.154073953629
0.133383989334
0.146671056747
0.17996096611
0.191426992416
0.165630817413
0.173960924149
0.184302091599
0.185902118683
0.245587110519
0.269667863846
0.279768943787
0.253212213516
0.308338880539
0.293069839478
0.295140981674
0.295691013336
0.325158119202
0.432343959808
0.454704046249
0.401159763336
0.477293968201
0.39391207695
0.501616001129
0.55783700943
0.573305130005
0.479969978333
0.693802118301
0.735131978989
1.00770616531
0.830952167511
0.821041822433
1.18213176727
1.05970311165
1.33547592163
1.47053003311
1.6305949688
1.62118506432
1.90168690681
1.93422985077
2.54544401169
2.19375920296
2.42685103416
2.45944595337
3.18555092812
2.96284413338
3.49600315094
3.27191710472
4.63795304298
4.26038503647
5.04064583778
4.63794898987
5.55412721634
5.48813891411
6.37244009972
7.26396083832
7.1146171093
8.66070795059
9.06472015381
10.301240921
10.5643758774
10.4948887825
11.8320031166
13.1824359894
87.4297959805
17.1719350815
24.2650690079
48.8656570911
81.2284030914
8046.15754819
