0.0475327968597
0.0495429039001
0.0522541999817
0.059014081955
0.0602979660034
0.0624551773071
0.0671899318695
0.0716559886932
0.074667930603
0.076327085495
0.076464176178
0.0846571922302
0.0865180492401
0.0939359664917
0.0857231616974
0.0986268520355
0.102431058884
0.102828979492
0.106484889984
0.114670991898
0.122378826141
0.119255065918
0.121004104614
0.123732089996
0.13493514061
0.143903017044
0.132761955261
0.146155118942
0.149121046066
0.159161090851
0.170346975327
0.173014879227
0.171115159988
0.182106971741
0.194136142731
0.193635940552
0.204656124115
0.210811853409
0.218725204468
0.226985931396
0.236799001694
0.24519109726
0.868006944656
0.257565975189
1.59730696678
0.297273159027
0.93510389328
1.59126996994
0.309564828873
1.57371997833
2.30006504059
2.98714709282
1.58386421204
1.61101317406
2.35036277771
3.7273440361
1.64170098305
3.77253293991
1.68727207184
6.39596390724
4.47642803192
2.4103410244
5.83019304276
2.3980948925
6.41332793236
5.16668891907
6.43118596077
7.00872993469
1.79536390305
2.45791292191
6.41667985916
7.12468600273
7.09914398193
7.1407520771
7.00729298592
6.49117016792
7.13129782677
7.0269548893
7.06571793556
7.11332893372
4.79760503769
7.16033005714
7.21250510216
7.19210004807
6.58782410622
6.58451700211
7.16454982758
7.25283694267
7.18365907669
7.26584911346
7.31605911255
6.83324503899
7.42549490929
7.38208723068
7.43865680695
7.37758803368
7.3962790966
7.45463991165
7.41453695297
7.57225108147
7.63328909874
