0.684521913528
0.680575847626
0.677700996399
0.678134918213
0.704073905945
0.68959903717
0.692712068558
0.688931941986
0.692385911942
0.697416067123
0.688996076584
0.80185008049
0.799695014954
0.714023113251
0.809438943863
0.811949968338
0.701277017593
0.704799890518
0.717420101166
0.829499006271
0.714174032211
0.830766916275
0.819677829742
0.727978944778
0.716094970703
0.723734140396
0.731297969818
0.726739168167
0.729422092438
0.8490691185
0.83998799324
0.736253023148
0.870348215103
0.865836858749
0.736806869507
0.752884864807
0.743189096451
0.88981294632
0.745641946793
0.896606206894
0.771874904633
0.751568078995
0.754149913788
0.897486925125
0.776866912842
0.759934902191
0.790412187576
0.772073030472
0.932594060898
0.799915075302
0.776098966599
0.769450902939
0.784800052643
0.789333820343
0.782425880432
0.772868871689
0.779068946838
0.842805147171
1.03718209267
0.803568124771
0.785691022873
0.830744981766
0.834763050079
0.819757223129
1.08712315559
1.02692103386
0.856569051743
0.821017980576
0.840255022049
0.841016054153
0.831661939621
0.818375110626
0.859225988388
1.22115898132
1.2013258934
0.880817890167
0.892390966415
0.880945920944
0.900807857513
0.898042917252
0.878702878952
0.90655708313
0.922560930252
0.900096893311
0.92119717598
0.915365934372
1.36843585968
1.29696989059
0.923748016357
0.927167892456
0.954160928726
0.949517965317
0.95393705368
0.961046934128
0.984319210052
0.989166975021
1.21259903908
1.15736317635
1.322701931
1.40805912018
