0.00506091117859
0.00589799880981
0.00555014610291
0.0056529045105
0.00554800033569
0.00561499595642
0.0055980682373
0.00559902191162
0.0054988861084
0.00593280792236
0.005530834198
0.00552105903625
0.00555300712585
0.00551509857178
0.00559711456299
0.00554203987122
0.00555205345154
0.00597095489502
0.00561904907227
0.00551009178162
0.00556993484497
0.00553798675537
0.00566101074219
0.00556397438049
0.00557589530945
0.00763702392578
0.00561308860779
0.00568795204163
0.00572204589844
0.00573110580444
0.00568199157715
0.00560307502747
0.00562787055969
0.00608515739441
0.00552701950073
0.00555086135864
0.00554513931274
0.00571393966675
0.00592088699341
0.00576591491699
0.0058319568634
0.00579905509949
0.00577902793884
0.00577902793884
0.00573110580444
0.00554013252258
0.00554299354553
0.00571703910828
0.00608587265015
0.00564289093018
0.00570201873779
0.00555896759033
0.00571799278259
0.00560903549194
0.00585699081421
0.00619506835938
0.0058331489563
0.00558400154114
0.00567197799683
0.00583505630493
0.00583791732788
0.00574398040771
0.00553178787231
0.00606393814087
0.00577712059021
0.005530834198
0.00608992576599
0.00575685501099
0.0058650970459
0.00575709342957
0.00619912147522
0.00573706626892
0.00612497329712
0.00577211380005
0.00576591491699
0.00573015213013
0.0057520866394
0.00653505325317
0.0056471824646
0.00584101676941
0.00575709342957
0.00586199760437
0.00621199607849
0.0061948299408
0.00654006004333
0.0058319568634
0.00579786300659
0.00581002235413
0.00577688217163
0.00591802597046
0.00579714775085
0.00607013702393
0.00604391098022
0.00618481636047
0.00554299354553
0.00420808792114
0.0063111782074
0.00667285919189
0.00568819046021
0.00605797767639
